0 0.302717391304 0.602898550725 0.0673913043478 0.0594202898551
0 0.548097826087 0.596376811594 0.0711956521739 0.036231884058
0 0.611141304348 0.58731884058 0.0277173913043 0.0108695652174
0 0.617119565217 0.555797101449 0.0342391304348 0.0115942028986
0 0.460597826087 0.54347826087 0.0440217391304 0.0217391304348
0 0.555434782609 0.524275362319 0.0467391304348 0.0108695652174
0 0.586413043478 0.51268115942 0.020652173913 0.00652173913043
0 0.591304347826 0.505797101449 0.0173913043478 0.00434782608696
0 0.554347826087 0.497463768116 0.0358695652174 0.0123188405797
0 0.475815217391 0.48731884058 0.0255434782609 0.00797101449275
