0 0.422826086957 0.604347826087 0.211956521739 0.036231884058
0 0.216304347826 0.60652173913 0.0663043478261 0.0275362318841
0 0.320923913043 0.575362318841 0.0864130434783 0.0231884057971
0 0.46277173913 0.540579710145 0.066847826087 0.0159420289855
0 0.508152173913 0.550362318841 0.0358695652174 0.0108695652174
0 0.617663043478 0.590942028986 0.0288043478261 0.0195652173913
0 0.87527173913 0.589855072464 0.0538043478261 0.0246376811594
0 0.909510869565 0.554347826087 0.0451086956522 0.0159420289855
0 0.622010869565 0.510144927536 0.0375 0.0144927536232
0 0.76875 0.508695652174 0.0211956521739 0.00724637681159
0 0.78777173913 0.494565217391 0.0179347826087 0.00652173913043
