0 0.58125 0.581884057971 0.058152173913 0.0666666666667
0 0.399184782609 0.54347826087 0.0538043478261 0.0173913043478
0 0.401630434783 0.528260869565 0.0347826086957 0.0115942028986
0 0.601630434783 0.513405797101 0.0391304347826 0.018115942029
0 0.682880434783 0.563043478261 0.033152173913 0.0188405797101
0 0.540217391304 0.511231884058 0.0380434782609 0.0166666666667
0 0.538315217391 0.494927536232 0.0364130434783 0.0115942028986
0 0.433423913043 0.496014492754 0.0266304347826 0.00797101449275
0 0.45 0.48152173913 0.0195652173913 0.0108695652174
0 0.467391304348 0.463043478261 0.0173913043478 0.00434782608696
