0 0.867934782609 0.601811594203 0.0445652173913 0.0253623188406
0 0.652989130435 0.589492753623 0.0309782608696 0.0166666666667
0 0.697554347826 0.601811594203 0.0429347826087 0.013768115942
0 0.715489130435 0.58731884058 0.0277173913043 0.0123188405797
0 0.707880434783 0.572826086957 0.0342391304348 0.0108695652174
0 0.709510869565 0.549637681159 0.0375 0.0152173913043
0 0.733152173913 0.567028985507 0.0380434782609 0.0166666666667
0 0.458967391304 0.515579710145 0.016847826087 0.00652173913043
0 0.458967391304 0.497101449275 0.0146739130435 0.00579710144928
0 0.48722826087 0.473913043478 0.00923913043478 0.00434782608696
0 0.452445652174 0.503985507246 0.0135869565217 0.00652173913043
