0 0.446467391304 0.586231884058 0.0244565217391 0.0101449275362
0 0.536684782609 0.552898550725 0.0190217391304 0.00579710144928
0 0.55597826087 0.544565217391 0.0282608695652 0.00652173913043
0 0.549456521739 0.516304347826 0.0152173913043 0.00507246376812
0 0.54375 0.511231884058 0.0114130434783 0.0036231884058
0 0.440217391304 0.53731884058 0.0152173913043 0.00507246376812
0 0.457608695652 0.524275362319 0.0141304347826 0.0036231884058
0 0.442934782609 0.521376811594 0.0108695652174 0.00507246376812
0 0.45597826087 0.514855072464 0.00978260869565 0.0036231884058
0 0.467391304348 0.511956521739 0.0130434782609 0.0036231884058
