0 0.383695652174 0.607608695652 0.0347826086957 0.0210144927536
0 0.821467391304 0.572101449275 0.0288043478261 0.0152173913043
0 0.776358695652 0.592391304348 0.0461956521739 0.0253623188406
0 0.741847826087 0.596376811594 0.0619565217391 0.0289855072464
0 0.68152173913 0.58115942029 0.0391304347826 0.0144927536232
0 0.669565217391 0.566666666667 0.0358695652174 0.0144927536232
0 0.632608695652 0.544565217391 0.0945652173913 0.0311594202899
0 0.698641304348 0.550362318841 0.041847826087 0.0210144927536
0 0.739945652174 0.527898550725 0.0298913043478 0.0152173913043
0 0.646195652174 0.504710144928 0.0228260869565 0.00942028985507
0 0.434782608696 0.513405797101 0.0217391304348 0.0108695652174
0 0.467934782609 0.48115942029 0.0119565217391 0.00434782608696
0 0.46902173913 0.476811594203 0.0119565217391 0.00434782608696
0 0.490760869565 0.46268115942 0.00760869565217 0.0036231884058
