0 0.499456521739 0.55 0.0554347826087 0.0188405797101
0 0.34347826087 0.543115942029 0.054347826087 0.0239130434783
0 0.392391304348 0.515579710145 0.0260869565217 0.00942028985507
0 0.516847826087 0.506884057971 0.0347826086957 0.0123188405797
0 0.548641304348 0.503623188406 0.0135869565217 0.00724637681159
0 0.55597826087 0.495289855072 0.020652173913 0.00507246376812
0 0.523097826087 0.485507246377 0.0255434782609 0.00579710144928
0 0.546195652174 0.478623188406 0.0152173913043 0.00652173913043
0 0.520380434783 0.473188405797 0.0146739130435 0.00579710144928
0 0.470923913043 0.469927536232 0.0135869565217 0.00507246376812
