0 0.523369565217 0.610507246377 0.0434782608696 0.0123188405797
0 0.302173913043 0.59384057971 0.0913043478261 0.0471014492754
0 0.377717391304 0.55 0.0336956521739 0.0144927536232
0 0.586684782609 0.571014492754 0.0385869565217 0.0173913043478
0 0.584782608696 0.530072463768 0.0195652173913 0.00797101449275
0 0.54347826087 0.534782608696 0.045652173913 0.0188405797101
0 0.592391304348 0.514130434783 0.0228260869565 0.00652173913043
0 0.54972826087 0.497101449275 0.0364130434783 0.00869565217391
0 0.573369565217 0.490942028986 0.0152173913043 0.00507246376812
0 0.578532608696 0.486231884058 0.0125 0.00434782608696
0 0.548913043478 0.480797101449 0.0239130434783 0.00652173913043
0 0.4875 0.474637681159 0.0195652173913 0.00434782608696
