0 0.352173913043 0.601086956522 0.0663043478261 0.0268115942029
0 0.219836956522 0.599275362319 0.0788043478261 0.031884057971
0 0.443206521739 0.56884057971 0.0614130434783 0.0217391304348
0 0.517934782609 0.552173913043 0.095652173913 0.0304347826087
0 0.449184782609 0.551449275362 0.0385869565217 0.0144927536232
0 0.417663043478 0.535144927536 0.0559782608696 0.013768115942
0 0.507336956522 0.515942028986 0.0298913043478 0.00869565217391
0 0.552989130435 0.521376811594 0.033152173913 0.00797101449275
0 0.647826086957 0.495652173913 0.0304347826087 0.0101449275362
0 0.834239130435 0.547463768116 0.0402173913043 0.0210144927536
0 0.877445652174 0.528985507246 0.0396739130435 0.0144927536232
0 0.902717391304 0.605434782609 0.0804347826087 0.0253623188406
0 0.795380434783 0.486231884058 0.0146739130435 0.00579710144928
0 0.773913043478 0.495652173913 0.020652173913 0.00579710144928
