0 0.35625 0.555434782609 0.0440217391304 0.0152173913043
0 0.399184782609 0.518115942029 0.0483695652174 0.0159420289855
0 0.553804347826 0.561594202899 0.0923913043478 0.0347826086957
0 0.631793478261 0.567391304348 0.0461956521739 0.0188405797101
0 0.692663043478 0.583333333333 0.0570652173913 0.0304347826087
0 0.595923913043 0.523188405797 0.041847826087 0.0188405797101
0 0.554619565217 0.511956521739 0.0288043478261 0.0123188405797
0 0.565217391304 0.497101449275 0.0130434782609 0.00579710144928
0 0.445108695652 0.478985507246 0.0163043478261 0.00434782608696
0 0.455163043478 0.46847826087 0.0114130434783 0.00507246376812
0 0.465760869565 0.459057971014 0.00434782608696 0.00217391304348
0 0.474184782609 0.453260869565 0.00597826086957 0.00217391304348
