0 0.31847826087 0.605072463768 0.0673913043478 0.0275362318841
0 0.297826086957 0.586956521739 0.0358695652174 0.0159420289855
0 0.384239130435 0.534420289855 0.0282608695652 0.013768115942
0 0.511684782609 0.543115942029 0.0483695652174 0.0152173913043
0 0.584782608696 0.579347826087 0.0336956521739 0.0152173913043
0 0.635597826087 0.588043478261 0.0244565217391 0.0152173913043
0 0.382880434783 0.534782608696 0.0277173913043 0.0115942028986
0 0.403260869565 0.503623188406 0.0228260869565 0.0115942028986
0 0.423641304348 0.485869565217 0.016847826087 0.0036231884058
0 0.446467391304 0.477898550725 0.0190217391304 0.00507246376812
0 0.458152173913 0.467028985507 0.0108695652174 0.0036231884058
