0 0.496739130435 0.585869565217 0.0141304347826 0.00942028985507
0 0.519565217391 0.564130434783 0.020652173913 0.0152173913043
0 0.541576086957 0.550362318841 0.0385869565217 0.0195652173913
0 0.550543478261 0.585144927536 0.0326086956522 0.0210144927536
0 0.652445652174 0.601449275362 0.0233695652174 0.0115942028986
0 0.516304347826 0.508695652174 0.0391304347826 0.0101449275362
0 0.416304347826 0.507608695652 0.0228260869565 0.00797101449275
0 0.385597826087 0.547463768116 0.0429347826087 0.0166666666667
0 0.363858695652 0.538043478261 0.0255434782609 0.00942028985507
0 0.458695652174 0.469927536232 0.0152173913043 0.00507246376812
