0 0.709239130435 0.576086956522 0.0554347826087 0.0333333333333
0 0.407608695652 0.598913043478 0.0467391304348 0.0340579710145
0 0.485869565217 0.597463768116 0.0347826086957 0.0152173913043
0 0.471739130435 0.543115942029 0.029347826087 0.0123188405797
0 0.461413043478 0.520652173913 0.0217391304348 0.00942028985507
0 0.501358695652 0.51884057971 0.0375 0.0101449275362
0 0.470652173913 0.500362318841 0.0184782608696 0.00797101449275
0 0.504891304348 0.491304347826 0.0282608695652 0.00724637681159
0 0.460597826087 0.489492753623 0.0342391304348 0.00797101449275
0 0.575815217391 0.48731884058 0.016847826087 0.00652173913043
0 0.63722826087 0.507246376812 0.0233695652174 0.00869565217391
