0 0.274184782609 0.628623188406 0.0570652173913 0.013768115942
0 0.361141304348 0.554347826087 0.0603260869565 0.0246376811594
0 0.525543478261 0.576086956522 0.0326086956522 0.0376811594203
0 0.557608695652 0.595289855072 0.0380434782609 0.0268115942029
0 0.636684782609 0.575362318841 0.0646739130435 0.0347826086957
0 0.566847826087 0.548913043478 0.0521739130435 0.0210144927536
0 0.533423913043 0.529347826087 0.0385869565217 0.0268115942029
0 0.586413043478 0.523913043478 0.0184782608696 0.00869565217391
0 0.58125 0.506884057971 0.0114130434783 0.00507246376812
0 0.527173913043 0.491304347826 0.0141304347826 0.00579710144928
0 0.509239130435 0.477173913043 0.0141304347826 0.00507246376812
0 0.445652173913 0.476811594203 0.0152173913043 0.00434782608696
0 0.471195652174 0.457246376812 0.00652173913043 0.00289855072464
