0 0.803532608696 0.546739130435 0.0320652173913 0.0123188405797
0 0.635869565217 0.515942028986 0.0347826086957 0.0101449275362
0 0.663315217391 0.509057971014 0.0190217391304 0.00652173913043
0 0.689130434783 0.505434782609 0.029347826087 0.00507246376812
0 0.592119565217 0.497463768116 0.00923913043478 0.0036231884058
0 0.55625 0.479347826087 0.0255434782609 0.00507246376812
0 0.796467391304 0.546739130435 0.0429347826087 0.0152173913043
0 0.63777173913 0.516304347826 0.033152173913 0.0123188405797
0 0.665489130435 0.509782608696 0.0244565217391 0.00797101449275
0 0.688315217391 0.504710144928 0.0255434782609 0.00507246376812
0 0.592663043478 0.497101449275 0.0103260869565 0.00434782608696
0 0.555434782609 0.479347826087 0.020652173913 0.00507246376812
