0 0.227717391304 0.673550724638 0.0228260869565 0.0268115942029
0 0.269565217391 0.672101449275 0.0521739130435 0.0210144927536
0 0.305163043478 0.702898550725 0.0353260869565 0.0217391304348
0 0.327989130435 0.678985507246 0.0233695652174 0.0101449275362
0 0.351902173913 0.701449275362 0.0266304347826 0.0101449275362
0 0.44402173913 0.677173913043 0.0315217391304 0.0210144927536
0 0.771739130435 0.570652173913 0.0108695652174 0.00507246376812
0 0.507608695652 0.580072463768 0.0119565217391 0.0036231884058
0 0.513315217391 0.558695652174 0.0222826086957 0.00869565217391
0 0.610869565217 0.53768115942 0.0119565217391 0.00434782608696
0 0.552173913043 0.558695652174 0.0108695652174 0.00434782608696
