0 0.461141304348 0.649275362319 0.0255434782609 0.0115942028986
0 0.340760869565 0.657971014493 0.0184782608696 0.0130434782609
0 0.489945652174 0.650362318841 0.0211956521739 0.0123188405797
0 0.26875 0.619927536232 0.0211956521739 0.00652173913043
0 0.186684782609 0.640579710145 0.0320652173913 0.0101449275362
0 0.146195652174 0.634782608696 0.0445652173913 0.0130434782609
0 0.0997282608696 0.628260869565 0.016847826087 0.00724637681159
0 0.105163043478 0.609057971014 0.0190217391304 0.00797101449275
0 0.167119565217 0.586231884058 0.0190217391304 0.00579710144928
0 0.0858695652174 0.585507246377 0.00978260869565 0.00289855072464
