0 0.764673913043 0.558695652174 0.0217391304348 0.00579710144928
0 0.516847826087 0.572826086957 0.020652173913 0.00652173913043
0 0.554076086957 0.563043478261 0.0266304347826 0.00579710144928
0 0.632065217391 0.559420289855 0.0271739130435 0.00434782608696
0 0.665760869565 0.55615942029 0.020652173913 0.00507246376812
0 0.649456521739 0.554710144928 0.00869565217391 0.00507246376812
0 0.610869565217 0.58731884058 0.0141304347826 0.00507246376812
0 0.60027173913 0.58152173913 0.0146739130435 0.00942028985507
0 0.553532608696 0.563043478261 0.0266304347826 0.00724637681159
0 0.517391304348 0.573913043478 0.0184782608696 0.00579710144928
0 0.541576086957 0.580797101449 0.0125 0.0036231884058
