0 0.439945652174 0.669927536232 0.0385869565217 0.0166666666667
0 0.294836956522 0.703985507246 0.0472826086957 0.0210144927536
0 0.25625 0.676449275362 0.0559782608696 0.0311594202899
0 0.214673913043 0.653260869565 0.0228260869565 0.00797101449275
0 0.250815217391 0.616304347826 0.0222826086957 0.00797101449275
0 0.342663043478 0.583695652174 0.0277173913043 0.00797101449275
0 0.26222826087 0.577536231884 0.0114130434783 0.00434782608696
0 0.135869565217 0.615942028986 0.0119565217391 0.00434782608696
0 0.12527173913 0.613405797101 0.0103260869565 0.0036231884058
0 0.144293478261 0.61847826087 0.00923913043478 0.0036231884058
0 0.132065217391 0.576811594203 0.0119565217391 0.00434782608696
0 0.0959239130435 0.582608695652 0.00923913043478 0.00434782608696
