0 0.505434782609 0.677898550725 0.0336956521739 0.013768115942
0 0.541304347826 0.680797101449 0.0271739130435 0.0123188405797
0 0.358967391304 0.686231884058 0.0288043478261 0.0159420289855
0 0.288315217391 0.629710144928 0.0244565217391 0.00724637681159
0 0.192934782609 0.654710144928 0.0315217391304 0.0108695652174
0 0.154891304348 0.645289855072 0.0445652173913 0.0166666666667
0 0.108423913043 0.636956521739 0.016847826087 0.00434782608696
0 0.122282608696 0.613043478261 0.0184782608696 0.00724637681159
0 0.193206521739 0.586956521739 0.0233695652174 0.00434782608696
0 0.1125 0.585869565217 0.00869565217391 0.0036231884058
