0 0.440760869565 0.695289855072 0.0402173913043 0.0210144927536
0 0.235597826087 0.69347826087 0.0635869565217 0.036231884058
0 0.196195652174 0.660144927536 0.025 0.00869565217391
0 0.242391304348 0.61847826087 0.0239130434783 0.00942028985507
0 0.344836956522 0.585507246377 0.0309782608696 0.00869565217391
0 0.261956521739 0.576449275362 0.00978260869565 0.0036231884058
0 0.125543478261 0.613405797101 0.0108695652174 0.0036231884058
0 0.115489130435 0.609782608696 0.0114130434783 0.0036231884058
0 0.134782608696 0.616666666667 0.0108695652174 0.00579710144928
0 0.133967391304 0.569927536232 0.00923913043478 0.0036231884058
