0 0.401358695652 0.716304347826 0.0222826086957 0.0123188405797
0 0.327717391304 0.640942028986 0.0271739130435 0.0108695652174
0 0.21847826087 0.66884057971 0.0369565217391 0.0159420289855
0 0.179076086957 0.653985507246 0.0451086956522 0.0195652173913
0 0.236956521739 0.586231884058 0.0260869565217 0.00434782608696
0 0.159239130435 0.61268115942 0.020652173913 0.00942028985507
0 0.136141304348 0.640579710145 0.0179347826087 0.00579710144928
0 0.155434782609 0.583333333333 0.00978260869565 0.00289855072464
0 0.0209239130435 0.584057971014 0.0114130434783 0.00434782608696
0 0.045652173913 0.617028985507 0.00869565217391 0.00652173913043
