0 0.872282608696 0.582971014493 0.0239130434783 0.00797101449275
0 0.728260869565 0.574637681159 0.0326086956522 0.00869565217391
0 0.702989130435 0.571739130435 0.0157608695652 0.00434782608696
0 0.684239130435 0.579347826087 0.0391304347826 0.00797101449275
0 0.573913043478 0.580072463768 0.0347826086957 0.0108695652174
0 0.525815217391 0.597463768116 0.0288043478261 0.00507246376812
0 0.56222826087 0.613043478261 0.0233695652174 0.00724637681159
0 0.65027173913 0.625362318841 0.0244565217391 0.0130434782609
0 0.673097826087 0.63731884058 0.0244565217391 0.0108695652174
0 0.61875 0.605434782609 0.016847826087 0.00507246376812
